{
	"asset": {
		"generator": "SOLIDWORKSGLTF",
		"version" : "2.0"
	},
"extensionsUsed": [ "KHR_lights_punctual", "Solidworks_custom_properties", "KHR_draco_mesh_compression"],
"extensionsRequired": [ "KHR_draco_mesh_compression" ],
	"scene" : 0,
	"scenes": [
		{
			"name": "Default - Display State-1",
			"nodes": [
				0, 1]
		}
	],
	"nodes": [
		{
			"matrix": [
				-0.956262,					0.153161,					0.249207,					0,
				0.107423,					0.97631,					-0.187826,					0,
				-0.272071,					-0.15284,					-0.950062,					0,
				-1.29531,					-0.642598,					-4.82218,					1
			]
			,"camera": 0
			,"name": "current"		}
,
		{
			"children": [
				2, 3, 4, 5, 6, 7, 8, 9, 10, 11, 12, 61, 62, 116, 158, 159, 160
			]
			,"name": "Top Level"		}
,
		{
			"matrix": [
				-0.392975,					-6.43042e-17,					-0.919549,					0,
				-3.08334e-19,					1,					-6.98267e-17,					0,
				0.919549,					-2.72149e-17,					-0.392975,					0,
				-0.0338461,					0.20193,					0.0395823,					1
			]
			,"mesh": 0
			,"name": "carbonfiberrods-11"		}
,
		{
			"matrix": [
				-0.065981,					-9.16092e-17,					-0.997821,					0,
				1.78402e-17,					1,					-9.29889e-17,					0,
				0.997821,					-2.39368e-17,					-0.065981,					0,
				-0.0337832,					0.05793,					-0.0424421,					1
			]
			,"mesh": 1
			,"name": "carbonfiberrods-9"		}
,
		{
			"matrix": [
				0.653864,					5.85899e-17,					0.756612,					0,
				-0.756612,					-1.03294e-16,					0.653864,					0,
				1.16463e-16,					-1,					-2.32103e-17,					0,
				-0.0338461,					0.06393,					0.0395823,					1
			]
			,"mesh": 2
			,"name": "SHAFT_COLLAR_5MM-11"		}
,
		{
			"matrix": [
				-0.022398,					-1.52406e-16,					-0.999749,					0,
				0.999749,					3.10517e-17,					-0.022398,					0,
				3.44576e-17,					-1,					1.51673e-16,					0,
				-0.0337832,					0.26893,					-0.0424421,					1
			]
			,"mesh": 3
			,"name": "SHAFT_COLLAR_5MM-9"		}
,
		{
			"matrix": [
				-0.999749,					-1.83458e-16,					0.022398,					0,
				-0.022398,					-1.21355e-16,					-0.999749,					0,
				1.8613e-16,					-1,					1.17215e-16,					0,
				-0.0338461,					0.26893,					0.0395823,					1
			]
			,"mesh": 4
			,"name": "SHAFT_COLLAR_5MM-8"		}
,
		{
			"matrix": [
				0.162349,					-1.06321e-16,					-0.986733,					0,
				2.89712e-17,					1,					-1.02984e-16,					0,
				0.986733,					-1.18675e-17,					0.162349,					0,
				-0.0338461,					0.05793,					0.0395823,					1
			]
			,"mesh": 5
			,"name": "carbonfiberrods-10"		}
,
		{
			"matrix": [
				0.022398,					-3.10517e-17,					0.999749,					0,
				-0.999749,					-1.52406e-16,					0.022398,					0,
				1.51673e-16,					-1,					-3.44576e-17,					0,
				0.0481782,					0.26893,					0.0396452,					1
			]
			,"mesh": 6
			,"name": "SHAFT_COLLAR_5MM-7"		}
,
		{
			"matrix": [
				-0.653864,					-1.518e-16,					-0.756612,					0,
				0.756612,					-3.91082e-17,					-0.653864,					0,
				6.9667e-17,					-1,					1.40425e-16,					0,
				0.0482412,					0.06393,					-0.0423791,					1
			]
			,"mesh": 7
			,"name": "SHAFT_COLLAR_5MM-13"		}
,
		{
			"matrix": [
				-0.756612,					-7.8698e-17,					0.653864,					0,
				-0.653864,					-1.76396e-16,					-0.756612,					0,
				1.74963e-16,					-1,					8.21953e-17,					0,
				-0.0337832,					0.06393,					-0.0424421,					1
			]
			,"mesh": 8
			,"name": "SHAFT_COLLAR_5MM-12"		}
,
		{
			"matrix": [
				0.999749,					4.08884e-24,					-0.022398,					0,
				0.022398,					9.47457e-26,					0.999749,					0,
				4.08993e-24,					-1,					3.14e-27,					0,
				0.0482412,					0.26893,					-0.0423791,					1
			]
			,"mesh": 9
			,"name": "SHAFT_COLLAR_5MM-1"		}
,
		{
			"children": [
				13, 14, 15, 16, 17, 18, 19, 20, 21, 22, 23, 24, 25, 26, 27, 28, 29, 30, 31, 32, 33, 34, 35, 36, 37, 38, 39, 40, 41, 42, 43, 44, 45, 46, 47, 48, 49, 50, 51, 52, 53, 54, 55, 56, 57, 58, 59, 60
			]
			,"matrix": [
				-0.000767738,					1.47104e-17,					1,					0,
				-1.47738e-19,					1,					-1.47105e-17,					0,
				-1,					-1.59031e-19,					-0.000767738,					0,
				0.00719754,					0.08293,					-0.00139843,					1
			]
			,"name": "Egg_Protection-1"		}
,
		{
			"matrix": [
				2.95944e-14,					4.74532e-17,					-1,					0,
				-1,					-6.18709e-17,					-2.95944e-14,					0,
				-6.18709e-17,					1,					4.74532e-17,					0,
				-0.0065,					0.143068,					0.0602192,					1
			]
			,"mesh": 10
			,"name": "Pitotube-1"		}
,
		{
			"matrix": [
				-0.997485,					0.0708846,					2.22153e-16,					0,
				0.0708846,					0.997485,					4.09402e-16,					0,
				-1.92574e-16,					4.24119e-16,					-1,					0,
				-0.056,					0.005,					6.07153e-18,					1
			]
			,"mesh": 11
			,"name": "98380A902_416 Stainless Steel Dowel Pin-1"		}
,
		{
			"matrix": [
				0.978716,					7.52252e-17,					-0.20522,					0,
				-0.20522,					-5.35951e-17,					-0.978716,					0,
				-8.46229e-17,					1,					-3.70166e-17,					0,
				0.0196222,					0.1128,					0.0559464,					1
			]
			,"mesh": 12
			,"name": "90591A250_Zinc-Plated Steel Hex Nut (1)-10"		}
,
		{
			"matrix": [
				1,					0,					0,					0,
				0,					1,					0,					0,
				0,					0,					1,					0,
				-1.40166e-15,					0.1317,					-0.0553368,					1
			]
			,"mesh": 13
			,"name": "PITOT BRACKET-1"		}
,
		{
			"matrix": [
				-1.19501e-15,					3.71876e-16,					-1,					0,
				-0.999921,					0.0125875,					1.19956e-15,					0,
				0.0125875,					0.999921,					3.56804e-16,					0,
				-0.0647772,					0.0227572,					-3.46945e-18,					1
			]
			,"mesh": 14
			,"name": "Grid Fin - Normal-8"		}
,
		{
			"matrix": [
				-0.309879,					1.89237e-17,					-0.950776,					0,
				-0.950776,					-3.79543e-17,					0.309879,					0,
				-3.02219e-17,					1,					2.97534e-17,					0,
				0.0196222,					0.12085,					0.0559464,					1
			]
			,"mesh": 15
			,"name": "91274A106_Zinc-Flake-Coated Alloy Steel Socket Head Screw-10"		}
,
		{
			"matrix": [
				0.20522,					-2.2918e-17,					0.978716,					0,
				0.978716,					3.56847e-17,					-0.20522,					0,
				-3.02219e-17,					1,					2.97534e-17,					0,
				6.05133e-07,					0.133311,					-0.0475006,					1
			]
			,"mesh": 16
			,"name": "90591A250_Zinc-Plated Steel Hex Nut (1)-1"		}
,
		{
			"matrix": [
				-0.707107,					-1.43622e-17,					0.707107,					0,
				2.03113e-17,					-1,					1.00405e-30,					0,
				0.707107,					1.43622e-17,					0.707107,					0,
				1.025e-15,					0.0626922,					1.00787e-15,					1
			]
			,"mesh": 17
			,"name": "eggbottom2-2"		}
,
		{
			"matrix": [
				-0.707107,					-1.58436e-15,					0.707107,					0,
				1.47341e-16,					-1,					-2.09328e-15,					0,
				0.707107,					-1.37599e-15,					0.707107,					0,
				8.36939e-15,					0.0679951,					-6.28664e-15,					1
			]
			,"mesh": 18
			,"name": "eggtop2-2"		}
,
		{
			"matrix": [
				-0.20522,					2.2918e-17,					-0.978716,					0,
				-0.978716,					-3.56847e-17,					0.20522,					0,
				-3.02219e-17,					1,					2.97534e-17,					0,
				-0.0196222,					0.12085,					0.0559464,					1
			]
			,"mesh": 19
			,"name": "91274A106_Zinc-Flake-Coated Alloy Steel Socket Head Screw-9"		}
,
		{
			"matrix": [
				0.978716,					7.52252e-17,					-0.20522,					0,
				-0.20522,					-5.35951e-17,					-0.978716,					0,
				-8.46229e-17,					1,					-3.70166e-17,					0,
				-0.0196222,					0.1128,					0.0559464,					1
			]
			,"mesh": 20
			,"name": "90591A250_Zinc-Plated Steel Hex Nut (1)-9"		}
,
		{
			"matrix": [
				1.11022e-16,					-6.64295e-17,					1,					0,
				-1,					-2.03113e-17,					1.11022e-16,					0,
				2.03113e-17,					-1,					-6.64295e-17,					0,
				0.0493,					-0.00945,					-1.92554e-16,					1
			]
			,"name": "ov5647af_rpi_camera-1"		}
,
		{
			"matrix": [
				3.88578e-16,					-1.3368e-15,					1,					0,
				0.69353,					-0.720428,					-1.23256e-15,					0,
				0.720428,					0.69353,					6.47164e-16,					0,
				-0.056,					0.005,					-0.00725,					1
			]
			,"mesh": 21
			,"name": "9271K157_Torsion Spring-1"		}
,
		{
			"matrix": [
				0.707107,					3.31302e-19,					0.707107,					0,
				-0.707107,					-4.2409e-17,					0.707107,					0,
				3.02219e-17,					-1,					-2.97534e-17,					0,
				2.54939e-15,					0.1285,					-0.0475,					1
			]
			,"mesh": 22
			,"name": "91274A106_Zinc-Flake-Coated Alloy Steel Socket Head Screw-1"		}
,
		{
			"matrix": [
				-0.707107,					-1.43622e-17,					0.707107,					0,
				0.707107,					5.55112e-17,					0.707107,					0,
				-4.94079e-17,					1,					-2.90967e-17,					0,
				0.0408354,					0.0326922,					0.0408354,					1
			]
			,"mesh": 23
			,"name": "8969T455_316 Stainless Steel Corrosion-Resistant Compression Springs-2"		}
,
		{
			"matrix": [
				-1,					-9.08074e-17,					-2.95944e-14,					0,
				-2.95944e-14,					-2.35689e-17,					1,					0,
				-9.08074e-17,					1,					2.35689e-17,					0,
				1.14925e-15,					0.114,					-1.14839e-15,					1
			]
			,"mesh": 24
			,"name": "electronics_mounting_board-1"		}
,
		{
			"matrix": [
				-1.10914e-16,					-1.95301e-33,					-1,					0,
				1,					2.03113e-17,					-1.10914e-16,					0,
				2.03113e-17,					-1,					-7.01159e-34,					0,
				0,					0,					0,					1
			]
			,"mesh": 25
			,"name": "grid_fin_limit_mounting_board-1"		}
,
		{
			"matrix": [
				-0.707107,					-7.73038e-17,					0.707107,					0,
				0.707107,					1.01949e-17,					0.707107,					0,
				-6.18709e-17,					1,					4.74532e-17,					0,
				6.05133e-07,					0.132111,					-1.1692e-15,					1
			]
			,"mesh": 26
			,"name": "PCB-1"		}
,
		{
			"matrix": [
				0.939526,					1.9083e-17,					-0.342477,					0,
				0.342477,					6.95614e-18,					0.939526,					0,
				2.03113e-17,					-1,					3.03936e-32,					0,
				-0.0410122,					-0.004,					0.0410122,					1
			]
			,"mesh": 27
			,"name": "GRID_FIN_SPACER-1"		}
,
		{
			"matrix": [
				0.707107,					-1.4354e-16,					-0.707107,					0,
				0.707107,					3.46536e-16,					0.707107,					0,
				1.4354e-16,					-1,					3.46536e-16,					0,
				0.0408354,					0.0876922,					0.0408354,					1
			]
			,"mesh": 28
			,"name": "8969T564_316 Stainless Steel Corrosion-Resistant Compression Springs-2"		}
,
		{
			"matrix": [
				-1,					3.51565e-16,					4.68646e-15,					0,
				4.69058e-15,					0.0125875,					0.999921,					0,
				2.92547e-16,					0.999921,					-0.0125875,					0,
				2.22478e-16,					0.0227572,					0.0647772,					1
			]
			,"mesh": 29
			,"name": "Grid Fin - Normal-9"		}
,
		{
			"matrix": [
				3.70342e-15,					0.0708846,					0.997485,					0,
				1.41631e-16,					0.997485,					-0.0708846,					0,
				-1,					4.0379e-16,					3.68406e-15,					0,
				2.02529e-16,					0.005,					0.056,					1
			]
			,"mesh": 30
			,"name": "98380A902_416 Stainless Steel Dowel Pin-2"		}
,
		{
			"matrix": [
				0.978716,					7.52252e-17,					-0.20522,					0,
				-0.20522,					-5.35951e-17,					-0.978716,					0,
				-8.46229e-17,					1,					-3.70166e-17,					0,
				-0.0475006,					0.133311,					-6.05133e-07,					1
			]
			,"mesh": 31
			,"name": "90591A250_Zinc-Plated Steel Hex Nut (1)-4"		}
,
		{
			"matrix": [
				0.707107,					1.43622e-17,					-0.707107,					0,
				-0.707107,					2.67867e-17,					-0.707107,					0,
				8.7854e-18,					1,					2.90967e-17,					0,
				-0.0408354,					0.0326922,					-0.0408354,					1
			]
			,"mesh": 32
			,"name": "8969T455_316 Stainless Steel Corrosion-Resistant Compression Springs-6"		}
,
		{
			"matrix": [
				-1.06717e-14,					0.0708846,					-0.997485,					0,
				3.12826e-16,					0.997485,					0.0708846,					0,
				1,					4.44419e-16,					-1.0667e-14,					0,
				-5.93275e-16,					0.005,					-0.056,					1
			]
			,"mesh": 33
			,"name": "98380A902_416 Stainless Steel Dowel Pin-4"		}
,
		{
			"matrix": [
				0.997485,					0.0708846,					-7.1875e-15,					0,
				-0.0708846,					0.997485,					8.5591e-17,					0,
				7.17549e-15,					4.24107e-16,					1,					0,
				0.056,					0.005,					-3.98986e-16,					1
			]
			,"mesh": 34
			,"name": "98380A902_416 Stainless Steel Dowel Pin-3"		}
,
		{
			"matrix": [
				2.00133e-15,					5.93043e-16,					1,					0,
				0.69353,					-0.720428,					-9.60736e-16,					0,
				0.720428,					0.69353,					-1.85311e-15,					0,
				-0.056,					0.005,					0.00545491,					1
			]
			,"mesh": 35
			,"name": "9271K157_Torsion Spring-2"		}
,
		{
			"matrix": [
				-0.978716,					-1.12198e-16,					0.20522,					0,
				0.20522,					-6.24585e-17,					0.978716,					0,
				-9.6992e-17,					1,					8.41544e-17,					0,
				0.0475006,					0.133311,					6.05133e-07,					1
			]
			,"mesh": 36
			,"name": "90591A250_Zinc-Plated Steel Hex Nut (1)-2"		}
,
		{
			"matrix": [
				-0.707107,					-1.2809e-16,					0.707107,					0,
				-0.707107,					-9.07758e-18,					-0.707107,					0,
				9.6992e-17,					-1,					-8.41544e-17,					0,
				0.0475,					0.1285,					2.72959e-15,					1
			]
			,"mesh": 37
			,"name": "91274A106_Zinc-Flake-Coated Alloy Steel Socket Head Screw-2"		}
,
		{
			"matrix": [
				0.707107,					3.36627e-17,					-0.707107,					0,
				0.707107,					8.60121e-17,					0.707107,					0,
				8.46229e-17,					-1,					3.70166e-17,					0,
				-0.0475,					0.1285,					-3.05572e-15,					1
			]
			,"mesh": 38
			,"name": "91274A106_Zinc-Flake-Coated Alloy Steel Socket Head Screw-4"		}
,
		{
			"matrix": [
				-8.98435e-15,					5.93043e-16,					-1,					0,
				-0.69353,					-0.720428,					5.80367e-15,					0,
				-0.720428,					0.69353,					6.88387e-15,					0,
				0.056,					0.005,					-0.00545491,					1
			]
			,"mesh": 39
			,"name": "9271K157_Torsion Spring-7"		}
,
		{
			"matrix": [
				-0.707107,					-9.47584e-17,					-0.707107,					0,
				0.707107,					1.19344e-16,					-0.707107,					0,
				1.51393e-16,					-1,					-1.73843e-17,					0,
				-2.90393e-15,					0.1285,					0.0475,					1
			]
			,"mesh": 40
			,"name": "91274A106_Zinc-Flake-Coated Alloy Steel Socket Head Screw-3"		}
,
		{
			"matrix": [
				1,					-1.31648e-15,					-3.88003e-15,					0,
				-3.63935e-15,					-0.720428,					-0.69353,					0,
				-1.88227e-15,					0.69353,					-0.720428,					0,
				-0.00725,					0.005,					0.056,					1
			]
			,"mesh": 41
			,"name": "9271K157_Torsion Spring-3"		}
,
		{
			"matrix": [
				-0.20522,					-1.40546e-17,					-0.978716,					0,
				-0.978716,					-1.51738e-16,					0.20522,					0,
				-1.51393e-16,					1,					1.73843e-17,					0,
				-6.05133e-07,					0.133311,					0.0475006,					1
			]
			,"mesh": 42
			,"name": "90591A250_Zinc-Plated Steel Hex Nut (1)-3"		}
,
		{
			"matrix": [
				-7.37149e-15,					-1.3368e-15,					-1,					0,
				-0.69353,					-0.720428,					6.07541e-15,					0,
				-0.720428,					0.69353,					4.38352e-15,					0,
				0.056,					0.005,					0.00725,					1
			]
			,"mesh": 43
			,"name": "9271K157_Torsion Spring-4"		}
,
		{
			"matrix": [
				-1,					5.72732e-16,					1.24758e-14,					0,
				8.23973e-15,					-0.720428,					0.69353,					0,
				9.38513e-15,					0.69353,					0.720428,					0,
				-0.00545491,					0.005,					-0.056,					1
			]
			,"mesh": 44
			,"name": "9271K157_Torsion Spring-8"		}
,
		{
			"matrix": [
				0.707107,					1.43622e-17,					0.707107,					0,
				0.707107,					-2.67867e-17,					-0.707107,					0,
				8.7854e-18,					1,					-2.90967e-17,					0,
				-0.0408354,					0.0326922,					0.0408354,					1
			]
			,"mesh": 45
			,"name": "8969T455_316 Stainless Steel Corrosion-Resistant Compression Springs-4"		}
,
		{
			"matrix": [
				-1,					-1.35711e-15,					1.08631e-14,					0,
				8.51155e-15,					-0.720428,					0.69353,					0,
				6.88486e-15,					0.69353,					0.720428,					0,
				0.00725,					0.005,					-0.056,					1
			]
			,"mesh": 46
			,"name": "9271K157_Torsion Spring-5"		}
,
		{
			"matrix": [
				8.17792e-15,					3.71876e-16,					1,					0,
				0.999921,					0.0125875,					-8.18193e-15,					0,
				-0.0125875,					0.999921,					-2.68908e-16,					0,
				0.0647772,					0.0227572,					-4.50161e-16,					1
			]
			,"mesh": 47
			,"name": "Grid Fin - Normal-10"		}
,
		{
			"matrix": [
				-0.707107,					-1.43622e-17,					-0.707107,					0,
				-0.707107,					-5.55112e-17,					0.707107,					0,
				-4.94079e-17,					1,					2.90967e-17,					0,
				0.0408354,					0.0326922,					-0.0408354,					1
			]
			,"mesh": 48
			,"name": "8969T455_316 Stainless Steel Corrosion-Resistant Compression Springs-5"		}
,
		{
			"matrix": [
				1,					3.92187e-16,					-1.16694e-14,					0,
				-1.16734e-14,					0.0125875,					-0.999921,					0,
				-2.45267e-16,					0.999921,					0.0125875,					0,
				-6.75675e-16,					0.0227572,					-0.0647772,					1
			]
			,"mesh": 49
			,"name": "Grid Fin - Normal-11"		}
,
		{
			"matrix": [
				1,					6.13354e-16,					-5.49289e-15,					0,
				-3.36761e-15,					-0.720428,					-0.69353,					0,
				-4.38261e-15,					0.69353,					-0.720428,					0,
				0.00545491,					0.005,					0.056,					1
			]
			,"mesh": 50
			,"name": "9271K157_Torsion Spring-6"		}
,
		{
			"matrix": [
				-0.707107,					-1.72264e-16,					-0.707107,					0,
				0.707107,					-3.17812e-16,					-0.707107,					0,
				-1.02917e-16,					-1,					3.46536e-16,					0,
				-0.0408354,					0.0876922,					0.0408354,					1
			]
			,"mesh": 51
			,"name": "8969T564_316 Stainless Steel Corrosion-Resistant Compression Springs-4"		}
,
		{
			"matrix": [
				0.707107,					-1.4354e-16,					0.707107,					0,
				-0.707107,					-3.46536e-16,					0.707107,					0,
				1.4354e-16,					-1,					-3.46536e-16,					0,
				0.0408354,					0.0876922,					-0.0408354,					1
			]
			,"mesh": 52
			,"name": "8969T564_316 Stainless Steel Corrosion-Resistant Compression Springs-5"		}
,
		{
			"matrix": [
				-0.707107,					-1.72264e-16,					0.707107,					0,
				-0.707107,					3.17812e-16,					-0.707107,					0,
				-1.02917e-16,					-1,					-3.46536e-16,					0,
				-0.0408354,					0.0876922,					-0.0408354,					1
			]
			,"mesh": 53
			,"name": "8969T564_316 Stainless Steel Corrosion-Resistant Compression Springs-6"		}
,
		{
			"matrix": [
				-0.342477,					-6.95614e-18,					-0.939526,					0,
				0.939526,					1.9083e-17,					-0.342477,					0,
				2.03113e-17,					-1,					4.88885e-32,					0,
				0.0410122,					-0.004,					0.0410122,					1
			]
			,"mesh": 54
			,"name": "GRID_FIN_SPACER-2"		}
,
		{
			"matrix": [
				-0.939526,					-1.9083e-17,					0.342477,					0,
				-0.342477,					-6.95614e-18,					-0.939526,					0,
				2.03113e-17,					-1,					-3.58434e-32,					0,
				0.0410122,					-0.004,					-0.0410122,					1
			]
			,"mesh": 55
			,"name": "GRID_FIN_SPACER-3"		}
,
		{
			"matrix": [
				0.342477,					6.95614e-18,					0.939526,					0,
				-0.939526,					-1.9083e-17,					0.342477,					0,
				2.03113e-17,					-1,					-5.16149e-32,					0,
				-0.0410122,					-0.004,					-0.0410122,					1
			]
			,"mesh": 56
			,"name": "GRID_FIN_SPACER-4"		}
,
		{
			"matrix": [
				0.756612,					-1.45124e-17,					-0.653864,					0,
				0.653864,					3.39941e-17,					0.756612,					0,
				1.11673e-17,					-1,					3.50197e-17,					0,
				0.0481782,					0.06393,					0.0396452,					1
			]
			,"mesh": 57
			,"name": "SHAFT_COLLAR_5MM-10"		}
,
		{
			"children": [
				63, 64, 65, 66, 67, 68, 69, 70, 71, 72, 73, 74, 75, 76, 77, 78, 79, 80, 81, 82, 83, 84, 85, 86, 87, 88, 89, 90, 91, 92, 93, 94, 95, 96, 106, 107, 108, 109, 110, 111, 112, 113, 114, 115
			]
			,"matrix": [
				-0.000767738,					5.85361e-17,					1,					0,
				-9.30651e-17,					1,					-5.86075e-17,					0,
				-1,					-9.31101e-17,					-0.000767738,					0,
				0.00719754,					0.26193,					-0.00139843,					1
			]
			,"name": "Nose Cone Assembly-1"		}
,
		{
			"matrix": [
				-0.705572,					-0.0658435,					0.705572,					0,
				-0.0465584,					0.99783,					0.0465584,					0,
				-0.707107,					-4.16334e-16,					-0.707107,					0,
				-0.0222739,					0.09375,					0.0222739,					1
			]
			,"name": "landing_gear_arms-2"		}
,
		{
			"matrix": [
				0.707023,					-0.0153785,					-0.707023,					0,
				0.0108742,					0.999882,					-0.0108742,					0,
				0.707107,					4.83988e-16,					0.707107,					0,
				0.0314663,					0.09375,					-0.0130815,					1
			]
			,"name": "SHAFT_COLLAR_5MM-5"		}
,
		{
			"matrix": [
				0.407359,					-0.817385,					-0.407359,					0,
				-0.707107,					-4.78784e-16,					-0.707107,					0,
				0.577978,					0.576092,					-0.577978,					0,
				0.0371231,					0.09375,					-0.00742462,					1
			]
			,"name": "carbonfiberrods-4"		}
,
		{
			"matrix": [
				-0.407359,					-0.817385,					-0.407359,					0,
				-0.707107,					-5.24158e-16,					0.707107,					0,
				-0.577978,					0.576092,					-0.577978,					0,
				-0.00742462,					0.09375,					-0.0371231,					1
			]
			,"name": "carbonfiberrods-3"		}
,
		{
			"matrix": [
				-0.000312972,					1.83661e-16,					1,					0,
				1.83754e-16,					1,					-1.83603e-16,					0,
				-1,					1.83697e-16,					-0.000312972,					0,
				-1.36143e-06,					0.04,					-0.0609,					1
			]
			,"name": "98380A902_416 Stainless Steel Dowel Pin-2"		}
,
		{
			"matrix": [
				-0.707023,					-0.0153785,					0.707023,					0,
				-0.0108742,					0.999882,					0.0108742,					0,
				-0.707107,					4.82959e-16,					-0.707107,					0,
				-0.0314663,					0.09375,					0.0130815,					1
			]
			,"name": "SHAFT_COLLAR_5MM-3"		}
,
		{
			"matrix": [
				6.07598e-15,					-1.63733e-15,					1,					0,
				-0.968104,					0.25055,					6.29249e-15,					0,
				-0.25055,					-0.968104,					-6.27753e-17,					0,
				-0.0791955,					0.197856,					5.60316e-16,					1
			]
			,"mesh": 58
			,"name": "heatshieldnylonbase (1)-3"		}
,
		{
			"matrix": [
				-0.000311781,					0.0871855,					0.996192,					0,
				2.72866e-05,					0.996192,					-0.0871855,					0,
				-1,					1.86997e-15,					-0.000312972,					0,
				-1.43998e-06,					-0.0102095,					-0.060649,					1
			]
			,"name": "test_fin-2"		}
,
		{
			"matrix": [
				1,					-1.63665e-15,					-9.56743e-15,					0,
				9.67238e-15,					0.25055,					0.968104,					0,
				8.12691e-16,					-0.968104,					0.25055,					0,
				8.37004e-16,					0.197856,					0.0791955,					1
			]
			,"mesh": 59
			,"name": "heatshieldnylonbase (1)-4"		}
,
		{
			"matrix": [
				-0.707023,					-0.0153785,					-0.707023,					0,
				-0.0108742,					0.999882,					-0.0108742,					0,
				0.707107,					4.81709e-16,					-0.707107,					0,
				-0.0130815,					0.09375,					-0.0314663,					1
			]
			,"name": "SHAFT_COLLAR_5MM-4"		}
,
		{
			"matrix": [
				-0.705572,					-0.0658435,					-0.705572,					0,
				-0.0465584,					0.99783,					-0.0465584,					0,
				0.707107,					-4.3715e-16,					-0.707107,					0,
				-0.0222739,					0.09375,					-0.0222739,					1
			]
			,"name": "landing_gear_arms-3"		}
,
		{
			"matrix": [
				-0.407359,					-0.817385,					0.407359,					0,
				0.707107,					-5.24158e-16,					0.707107,					0,
				-0.577978,					0.576092,					0.577978,					0,
				-0.0371231,					0.09375,					0.00742462,					1
			]
			,"name": "carbonfiberrods-2"		}
,
		{
			"matrix": [
				0.705572,					-0.0658435,					-0.705572,					0,
				0.0465584,					0.99783,					-0.0465584,					0,
				0.707107,					-4.23273e-16,					0.707107,					0,
				0.0222739,					0.09375,					-0.0222739,					1
			]
			,"name": "landing_gear_arms-4"		}
,
		{
			"matrix": [
				-0.707107,					-9.88783e-19,					-0.707107,					0,
				-6.78846e-19,					1,					-7.19504e-19,					0,
				0.707107,					-2.87493e-20,					-0.707107,					0,
				0.016366,					0.189,					-0.016366,					1
			]
			,"name": "98381A015_Dowel Pin (1)-2"		}
,
		{
			"matrix": [
				-0.707107,					-9.60034e-19,					0.707107,					0,
				-1.39835e-18,					1,					-4.06576e-20,					0,
				-0.707107,					-1.01753e-18,					-0.707107,					0,
				-0.016366,					0.189,					-0.016366,					1
			]
			,"name": "98381A015_Dowel Pin (1)-3"		}
,
		{
			"matrix": [
				6.86051e-15,					-1.72912e-32,					-1,					0,
				-2.46519e-32,					1,					2.19737e-32,					0,
				1,					-2.46519e-32,					6.86051e-15,					0,
				0.0275,					0.0489,					0.00277157,					1
			]
			,"name": "servo motor-2"		}
,
		{
			"matrix": [
				0.707107,					2.87493e-20,					0.707107,					0,
				-7.19504e-19,					1,					6.78846e-19,					0,
				-0.707107,					-9.88783e-19,					0.707107,					0,
				-0.016366,					0.189,					0.016366,					1
			]
			,"name": "98381A015_Dowel Pin (1)-4"		}
,
		{
			"matrix": [
				0.628536,					0.458131,					0.628536,					0,
				-0.323948,					0.888885,					-0.323948,					0,
				-0.707107,					4.16334e-16,					0.707107,					0,
				0.0436989,					0.0637969,					0.0436989,					1
			]
			,"mesh": 60
			,"name": "NOSE CONE UPDATE-14"		}
,
		{
			"matrix": [
				-0.628536,					0.458131,					-0.628536,					0,
				0.323948,					0.888885,					0.323948,					0,
				0.707107,					3.89567e-16,					-0.707107,					0,
				-0.0436989,					0.0637969,					-0.0436989,					1
			]
			,"mesh": 61
			,"name": "NOSE CONE UPDATE-16"		}
,
		{
			"matrix": [
				-0.999996,					-0.00207842,					0.00207842,					0,
				0.00207842,					4.31984e-06,					0.999998,					0,
				-0.00207842,					0.999998,					-1.50894e-16,					0,
				-0.0213375,					0.0612128,					0.0226784,					1
			]
			,"name": "90116A010_316 Stainless Steel Pan Head Phillips Screws-3"		}
,
		{
			"matrix": [
				0.628536,					0.458131,					-0.628536,					0,
				-0.323948,					0.888885,					0.323948,					0,
				0.707107,					3.88578e-16,					0.707107,					0,
				0.0436989,					0.0637969,					-0.0436989,					1
			]
			,"mesh": 62
			,"name": "NOSE CONE UPDATE-15"		}
,
		{
			"matrix": [
				-1,					-1.63805e-15,					2.58441e-15,					0,
				-2.91249e-15,					0.25055,					-0.968104,					0,
				9.38269e-16,					-0.968104,					-0.25055,					0,
				-2.84061e-16,					0.197856,					-0.0791955,					1
			]
			,"mesh": 63
			,"name": "heatshieldnylonbase (1)-2"		}
,
		{
			"matrix": [
				0.996257,					-3.69779e-32,					-0.0864453,					0,
				-2.46519e-32,					1,					2.19737e-32,					0,
				0.0864453,					3.3126e-32,					0.996257,					0,
				0.02135,					0.0794,					-0.00337843,					1
			]
			,"name": "SG90 - Micro Servo 9g - Tower Pro.2-2"		}
,
		{
			"matrix": [
				-0.995744,					-0.00206958,					0.0921396,					0,
				0.0921394,					0.000191505,					0.995746,					0,
				-0.00207842,					0.999998,					-1.5084e-16,					0,
				-0.0213375,					0.0612128,					-0.00552157,					1
			]
			,"name": "90116A010_316 Stainless Steel Pan Head Phillips Screws-4"		}
,
		{
			"matrix": [
				0.999996,					-0.00207842,					-0.00207842,					0,
				-0.00207842,					4.31984e-06,					-0.999998,					0,
				0.00207842,					0.999998,					1.3638e-16,					0,
				0.0213375,					0.0612128,					-0.0226784,					1
			]
			,"mesh": 64
			,"name": "90116A010_316 Stainless Steel Pan Head Phillips Screws-1"		}
,
		{
			"mesh": 65
			,"name": "nose_cone_base-1"		}
,
		{
			"matrix": [
				9.07044e-16,					-1.63737e-15,					-1,					0,
				0.968104,					0.25055,					4.67833e-16,					0,
				0.25055,					-0.968104,					1.81241e-15,					0,
				0.0791955,					0.197856,					-7.80626e-18,					1
			]
			,"mesh": 66
			,"name": "heatshieldnylonbase (1)-1"		}
,
		{
			"matrix": [
				0.705572,					-0.0658435,					0.705572,					0,
				0.0465584,					0.99783,					0.0465584,					0,
				-0.707107,					-4.30211e-16,					0.707107,					0,
				0.0222739,					0.09375,					0.0222739,					1
			]
			,"mesh": 67
			,"name": "landing_gear_arms-1"		}
,
		{
			"matrix": [
				0.707107,					-2.15647e-20,					-0.707107,					0,
				-3.44503e-19,					1,					-3.75e-19,					0,
				0.707107,					5.08766e-19,					0.707107,					0,
				-2.1684e-19,					0.1582,					0,					1
			]
			,"mesh": 68
			,"name": "Nose Cone Base Top-1"		}
,
		{
			"matrix": [
				0.707107,					1.67935e-16,					0.707107,					0,
				-3.58216e-17,					1,					-2.01674e-16,					0,
				-0.707107,					1.17276e-16,					0.707107,					0,
				-4.98733e-18,					0.159,					-2.60209e-17,					1
			]
			,"mesh": 69
			,"name": "Nose Cone Base Bottom-2"		}
,
		{
			"matrix": [
				-0.0871557,					-1.46371e-32,					-0.996195,					0,
				-2.46519e-32,					1,					2.19737e-32,					0,
				0.996195,					-3.69779e-32,					-0.0871557,					0,
				6.59522e-05,					-0.03,					-4.33681e-18,					1
			]
			,"mesh": 70
			,"name": "nose cone mini parachute cavity-1"		}
,
		{
			"matrix": [
				-0.996257,					2.46519e-32,					0.0864453,					0,
				-2.46519e-32,					1,					2.19737e-32,					0,
				-0.0864453,					-2.00297e-32,					-0.996257,					0,
				-0.02135,					0.0794,					0.00337843,					1
			]
			,"mesh": 71
			,"name": "SG90 - Micro Servo 9g - Tower Pro.2-1"		}
,
		{
			"matrix": [
				0.707107,					1.09526e-16,					-0.707107,					0,
				7.05064e-15,					1,					7.20554e-15,					0,
				0.707107,					-1.00806e-14,					0.707107,					0,
				5.42101e-18,					-9.32537e-05,					-1.82146e-17,					1
			]
			,"mesh": 72
			,"name": "Nose Cone Tip Slider-1"		}
,
		{
			"children": [
				97, 98, 99, 100, 101, 102, 103, 104, 105
			]
			,"matrix": [
				-4.83977e-15,					3.16095e-16,					-1,					0,
				2.24844e-16,					-1,					-3.16095e-16,					0,
				-1,					-2.24844e-16,					4.83977e-15,					0,
				-0.0164619,					0.133091,					-0.034261,					1
			]
			,"name": "landing gear 2.0-1"		}
,
		{
			"matrix": [
				-0.707107,					-2.14063e-26,					-0.707107,					0,
				-2.5483e-26,					-1,					5.57559e-26,					0,
				-0.707107,					5.74445e-26,					0.707107,					0,
				-0.064313,					0.124091,					-0.0465139,					1
			]
			,"mesh": 73
			,"name": "landing gear rods-4"		}
,
		{
			"matrix": [
				-0.2345,					6.93889e-18,					0.972116,					0,
				0.972116,					9.1073e-18,					0.2345,					0,
				-7.22618e-18,					1,					-8.88107e-18,					0,
				-0.00417382,					0.0873414,					-0.0464424,					1
			]
			,"mesh": 74
			,"name": "8969T567_316 Stainless Steel Corrosion-Resistant Compression Springs-3"		}
,
		{
			"matrix": [
				0.707107,					-2.14062e-26,					-0.707107,					0,
				-5.57559e-26,					-1,					-2.54829e-26,					0,
				-0.707107,					5.74444e-26,					-0.707107,					0,
				-0.00420891,					0.124091,					-0.0465139,					1
			]
			,"mesh": 75
			,"name": "landing gear rods-3"		}
,
		{
			"matrix": [
				0.972116,					6.93889e-18,					0.2345,					0,
				0.2345,					9.1073e-18,					-0.972116,					0,
				-8.88107e-18,					1,					7.22618e-18,					0,
				-0.0642415,					0.0873414,					-0.046549,					1
			]
			,"mesh": 76
			,"name": "8969T567_316 Stainless Steel Corrosion-Resistant Compression Springs-2"		}
,
		{
			"matrix": [
				0.707107,					-2.14062e-26,					0.707107,					0,
				2.54828e-26,					-1,					-5.57559e-26,					0,
				0.707107,					5.74444e-26,					-0.707107,					0,
				-0.00420891,					0.124091,					0.0135902,					1
			]
			,"mesh": 77
			,"name": "landing gear rods-2"		}
,
		{
			"matrix": [
				-0.972116,					6.93889e-18,					-0.2345,					0,
				-0.2345,					9.1073e-18,					0.972116,					0,
				8.88107e-18,					1,					-7.22618e-18,					0,
				-0.00428041,					0.0873414,					0.0136253,					1
			]
			,"mesh": 78
			,"name": "8969T567_316 Stainless Steel Corrosion-Resistant Compression Springs-4"		}
,
		{
			"matrix": [
				-0.707107,					-2.14063e-26,					0.707107,					0,
				5.57558e-26,					-1,					2.54829e-26,					0,
				0.707107,					5.74445e-26,					0.707107,					0,
				-0.064313,					0.124091,					0.0135902,					1
			]
			,"mesh": 79
			,"name": "landing gear rods-1"		}
,
		{
			"matrix": [
				1,					0,					0,					0,
				0,					1,					0,					0,
				0,					0,					1,					0,
				-0.034261,					0.0443414,					-0.0164619,					1
			]
			,"mesh": 80
			,"name": "landing gear base-1"		}
,
		{
			"matrix": [
				0.2345,					6.93889e-18,					-0.972116,					0,
				-0.972116,					9.1073e-18,					-0.2345,					0,
				7.22618e-18,					1,					8.88107e-18,					0,
				-0.0643481,					0.0873414,					0.0135187,					1
			]
			,"mesh": 81
			,"name": "8969T567_316 Stainless Steel Corrosion-Resistant Compression Springs-1"		}
,
		{
			"matrix": [
				1.22515e-16,					2.71195e-32,					1,					0,
				-2.46519e-32,					1,					2.19737e-32,					0,
				-1,					2.46519e-32,					1.22515e-16,					0,
				-0.0275,					0.0489,					-0.00277157,					1
			]
			,"mesh": 82
			,"name": "servo motor-1"		}
,
		{
			"matrix": [
				0.707107,					-3.69779e-32,					-0.707107,					0,
				2.48082e-32,					1,					-2.74864e-32,					0,
				0.707107,					1.89381e-33,					0.707107,					0,
				0.016366,					0.189,					0.016366,					1
			]
			,"name": "98381A015_Dowel Pin (1)-1"		}
,
		{
			"matrix": [
				-0.628536,					0.458131,					0.628536,					0,
				0.323948,					0.888885,					-0.323948,					0,
				-0.707107,					3.88578e-16,					-0.707107,					0,
				-0.0436989,					0.0637969,					0.0436989,					1
			]
			,"mesh": 83
			,"name": "NOSE CONE UPDATE-13"		}
,
		{
			"matrix": [
				0.995744,					-0.00206958,					-0.0921396,					0,
				-0.0921394,					0.000191505,					-0.995746,					0,
				0.00207842,					0.999998,					1.36366e-16,					0,
				0.0213375,					0.0612128,					0.00552157,					1
			]
			,"mesh": 84
			,"name": "90116A010_316 Stainless Steel Pan Head Phillips Screws-2"		}
,
		{
			"matrix": [
				0.707107,					-1.00806e-14,					0.707107,					0,
				1.01041e-14,					1,					4.15212e-15,					0,
				-0.707107,					4.20866e-15,					0.707107,					0,
				0.00249651,					0.0959627,					0.00249651,					1
			]
			,"mesh": 85
			,"name": "8683A67_Press-Fit Long-Nose Spring Plunger, Steel Body-1"		}
,
		{
			"matrix": [
				0.000311781,					0.0871855,					-0.996192,					0,
				-2.72866e-05,					0.996192,					0.0871855,					0,
				1,					1.87011e-15,					0.000312972,					0,
				1.43998e-06,					-0.0102095,					0.060649,					1
			]
			,"name": "test_fin-1"		}
,
		{
			"matrix": [
				0.000312972,					1.83661e-16,					-1,					0,
				-1.83754e-16,					1,					1.83603e-16,					0,
				1,					1.83697e-16,					0.000312972,					0,
				1.36143e-06,					0.04,					0.0609,					1
			]
			,"name": "98380A902_416 Stainless Steel Dowel Pin-1"		}
,
		{
			"matrix": [
				1,					-3.38813e-21,					0.000312972,					0,
				-1.49854e-06,					0.999989,					0.0047881,					0,
				-0.000312969,					-0.0047881,					0.999988,					0,
				0.000488671,					0.04,					0.0609002,					1
			]
			,"name": "9271K852_Torsion Spring-1"		}
,
		{
			"matrix": [
				0.407359,					-0.817385,					0.407359,					0,
				0.707107,					-4.3341e-16,					-0.707107,					0,
				0.577978,					0.576092,					0.577978,					0,
				0.00742462,					0.09375,					0.0371231,					1
			]
			,"mesh": 86
			,"name": "carbonfiberrods-1"		}
,
		{
			"matrix": [
				0.707023,					-0.0153785,					0.707023,					0,
				0.0108742,					0.999882,					0.0108742,					0,
				-0.707107,					4.82798e-16,					0.707107,					0,
				0.0130815,					0.09375,					0.0314663,					1
			]
			,"mesh": 87
			,"name": "SHAFT_COLLAR_5MM-2"		}
,
		{
			"children": [
				117, 118, 119, 120, 121, 122, 123, 124, 125, 126, 127, 128, 129, 130, 131, 132, 133, 134, 135, 136, 137, 138, 139, 140, 141, 142, 143, 144, 145, 146, 147, 148, 149, 150, 151, 152, 153, 154, 155, 156, 157
			]
			,"matrix": [
				-1,					6.93889e-18,					-6.93889e-18,					0,
				-6.93889e-18,					-1,					-3.14437e-34,					0,
				-6.93889e-18,					-2.26297e-32,					1,					0,
				0,					0.028508,					0,					1
			]
			,"name": "BOTTOM ASSEMBLY-2"		}
,
		{
			"matrix": [
				-0.301999,					2.08855e-32,					0.953308,					0,
				1.54074e-33,					1,					2.23634e-32,					0,
				-0.953308,					-8.37913e-33,					-0.301999,					0,
				0.018134,					0.025278,					0.036133,					1
			]
			,"mesh": 88
			,"name": "SG90 - Micro Servo 9g - Tower Pro.2-1"		}
,
		{
			"matrix": [
				-3.97252e-16,					1,					-5.48908e-17,					0,
				1,					3.95517e-16,					-2.08248e-19,					0,
				-2.08248e-19,					-5.48908e-17,					-1,					0,
				0.0357883,					-0.0268045,					0.0189769,					1
			]
			,"mesh": 89
			,"name": "complete limit switch-1"		}
,
		{
			"matrix": [
				-0.301999,					2.08855e-32,					0.953308,					0,
				1.54074e-33,					1,					2.23634e-32,					0,
				-0.953308,					-8.37913e-33,					-0.301999,					0,
				0.018134,					0.024508,					0.036133,					1
			]
			,"mesh": 90
			,"name": "servo arm attatchment-1"		}
,
		{
			"matrix": [
				1,					0,					0,					0,
				0,					1,					0,					0,
				0,					0,					1,					0,
				-0.00716604,					0.010222,					-0.00136695,					1
			]
			,"mesh": 91
			,"name": "Pushing Platform-1"		}
,
		{
			"matrix": [
				1,					0,					0,					0,
				0,					1,					0,					0,
				0,					0,					1,					0,
				-0.00716604,					-0.00942201,					-0.00136695,					1
			]
			,"mesh": 92
			,"name": "Parachute Base 3.0-1"		}
,
		{
			"matrix": [
				1,					0,					0,					0,
				0,					1,					0,					0,
				0,					0,					1,					0,
				-0.00816604,					-0.035922,					0.042738,					1
			]
			,"mesh": 93
			,"name": "streamer mount-1"		}
,
		{
			"matrix": [
				0.991182,					-1.49908e-33,					-0.13251,					0,
				1.54074e-33,					1,					2.23634e-32,					0,
				0.13251,					2.22217e-32,					0.991182,					0,
				-0.00816604,					-0.043422,					0.042738,					1
			]
			,"mesh": 94
			,"name": "streamer release bottom cover-1"		}
,
		{
			"matrix": [
				1.08123e-16,					-0.999996,					0.00283992,					0,
				-3.95445e-17,					-0.00283992,					-0.999996,					0,
				1,					1.0801e-16,					-3.98514e-17,					0,
				-0.00716604,					0.0237706,					0.00592825,					1
			]
			,"mesh": 95
			,"name": "parachute_door-1"		}
,
		{
			"matrix": [
				1,					0,					0,					0,
				0,					1,					0,					0,
				0,					0,					1,					0,
				0.011984,					-0.00522201,					0.042283,					1
			]
			,"mesh": 96
			,"name": "servo motor-1"		}
,
		{
			"matrix": [
				-1.54074e-33,					-1,					-2.23634e-32,					0,
				0.749578,					-1.28882e-32,					-0.661916,					0,
				0.661916,					1.74829e-32,					0.749578,					0,
				-0.00866248,					-0.00692201,					0.0421758,					1
			]
			,"mesh": 97
			,"name": "streamer weight-1"		}
,
		{
			"matrix": [
				-1,					-6.93889e-18,					-6.93889e-18,					0,
				6.93889e-18,					-1,					-2.26297e-32,					0,
				-6.93889e-18,					-3.14437e-34,					1,					0,
				-0.00716604,					-0.00942201,					-0.040367,					1
			]
			,"mesh": 98
			,"name": "RaspberryPiZeroW_CAMERA-1"		}
,
		{
			"matrix": [
				1,					1.54074e-33,					0,					0,
				0,					-2.23634e-32,					-1,					0,
				1.54074e-33,					1,					2.23634e-32,					0,
				0.021859,					-0.00342201,					-0.028842,					1
			]
			,"mesh": 99
			,"name": "hex nut style 1_am-5"		}
,
		{
			"matrix": [
				1.54074e-33,					1,					2.23634e-32,					0,
				-1,					-1.54074e-33,					0,					0,
				0,					2.23634e-32,					1,					0,
				0.021859,					-0.013322,					-0.028842,					1
			]
			,"mesh": 100
			,"name": "socket head cap screw_am-5"		}
,
		{
			"matrix": [
				0.999504,					-6.54525e-05,					0.0314914,					0,
				0.0314914,					0.00207739,					-0.999502,					0,
				4.68833e-19,					0.999998,					0.00207842,					0,
				0.037434,					0.00709078,					0.0361206,					1
			]
			,"mesh": 101
			,"name": "90116A010_316 Stainless Steel Pan Head Phillips Screws-2"		}
,
		{
			"matrix": [
				0.405892,					-1.97423e-32,					-0.913921,					0,
				-0.913921,					-1.06576e-32,					-0.405892,					0,
				1.54074e-33,					1,					2.23634e-32,					0,
				-0.039166,					-0.011422,					-0.017367,					1
			]
			,"mesh": 102
			,"name": "90591A260_Zinc-Plated Steel Hex Nut-4"		}
,
		{
			"matrix": [
				1,					1.54074e-33,					0,					0,
